Wavelength (nm)	62231 Avg	avg std	62231 scaled avg	sc avg std
300.00	0.07254	0.0037666	0.40935	0.0080461
305.00	0.07532	0.0034210	0.42521	0.011933
310.00	0.07650	0.0031262	0.43187	0.0086824
315.00	0.07785	0.0037552	0.43939	0.0083534
320.00	0.07910	0.0033684	0.44649	0.0069821
325.00	0.08064	0.0033848	0.45518	0.0074129
330.00	0.08223	0.0032473	0.46419	0.0047312
335.00	0.08336	0.0036305	0.47053	0.0069662
340.00	0.08481	0.0034827	0.47873	0.0061635
345.00	0.08648	0.0037282	0.48811	0.0067169
350.00	0.08815	0.0034977	0.49758	0.0062470
355.00	0.08954	0.0036140	0.50542	0.0051232
360.00	0.09092	0.0038643	0.51318	0.0062688
365.00	0.09282	0.0037823	0.52392	0.0039711
370.00	0.09444	0.0039492	0.53302	0.0042908
375.00	0.09605	0.0042927	0.54207	0.0057331
380.00	0.09755	0.0043455	0.55054	0.0054359
385.00	0.09914	0.0043979	0.55954	0.0056245
390.00	0.10064	0.0043971	0.56800	0.0056395
395.00	0.10221	0.0045048	0.57685	0.0053867
400.00	0.10331	0.0044855	0.58305	0.0055043
405.00	0.10511	0.0043815	0.59326	0.0039638
410.00	0.10654	0.0047957	0.60127	0.0063635
415.00	0.10796	0.0049358	0.60929	0.0071129
420.00	0.10901	0.0048752	0.61523	0.0067504
425.00	0.11075	0.0047302	0.62508	0.0067432
430.00	0.11212	0.0048234	0.63280	0.0073393
435.00	0.11345	0.0050769	0.64029	0.0078319
440.00	0.11472	0.0051285	0.64745	0.0079962
445.00	0.11606	0.0052639	0.65502	0.0082443
450.00	0.11740	0.0053272	0.66255	0.0083476
455.00	0.11913	0.0050676	0.67236	0.0053006
460.00	0.12004	0.0054255	0.67748	0.0084312
465.00	0.12128	0.0055156	0.68444	0.0085068
470.00	0.12274	0.0054688	0.69272	0.0078756
475.00	0.12432	0.0052284	0.70168	0.0047267
480.00	0.12562	0.0052925	0.70897	0.0052392
485.00	0.12687	0.0052894	0.71606	0.0049090
490.00	0.12798	0.0052334	0.72233	0.0046626
495.00	0.12919	0.0053464	0.72914	0.0048858
500.00	0.13049	0.0054206	0.73651	0.0048455
505.00	0.13164	0.0056388	0.74296	0.0057950
510.00	0.13271	0.0053244	0.74904	0.0041627
515.00	0.13420	0.0051101	0.75752	0.0028432
520.00	0.13523	0.0053271	0.76331	0.0038992
525.00	0.13636	0.0052907	0.76968	0.0034749
530.00	0.13739	0.0051997	0.77553	0.0025367
535.00	0.13869	0.0053221	0.78284	0.0032734
540.00	0.13970	0.0053140	0.78853	0.0028739
545.00	0.14084	0.0054998	0.79498	0.0031258
550.00	0.14196	0.0054250	0.80129	0.0027533
555.00	0.14295	0.0054506	0.80688	0.0024936
560.00	0.14404	0.0054398	0.81304	0.0023253
565.00	0.14509	0.0054832	0.81896	0.0022721
570.00	0.14614	0.0054438	0.82488	0.0021020
575.00	0.14713	0.0055782	0.83051	0.0027533
580.00	0.14815	0.0055754	0.83626	0.0023869
585.00	0.14912	0.0055201	0.84174	0.0018314
590.00	0.15017	0.0055386	0.84763	0.0019367
595.00	0.15106	0.0056516	0.85268	0.0023384
600.00	0.15204	0.0055084	0.85822	0.0020906
605.00	0.15314	0.0055348	0.86444	0.0021204
610.00	0.15401	0.0055505	0.86934	0.0017935
615.00	0.15504	0.0056028	0.87517	0.0018835
620.00	0.15616	0.0056824	0.88151	0.0018620
625.00	0.15715	0.0057526	0.88706	0.0019674
630.00	0.15812	0.0057261	0.89257	0.0021372
635.00	0.15897	0.0057782	0.89736	0.0018006
640.00	0.15981	0.0058283	0.90211	0.0016244
645.00	0.16092	0.0059389	0.90834	0.0019058
650.00	0.16168	0.0058669	0.91267	0.0014519
655.00	0.16266	0.0056845	0.91820	0.0014070
660.00	0.16350	0.0058196	0.92291	0.0020986
665.00	0.16449	0.0058706	0.92853	0.0014522
670.00	0.16513	0.0058268	0.93214	0.0012532
675.00	0.16601	0.0058638	0.93710	0.0014863
680.00	0.16674	0.0057402	0.94123	0.0021011
685.00	0.16764	0.0058068	0.94633	0.0017287
690.00	0.16840	0.0056941	0.95064	0.0020246
695.00	0.16922	0.0057870	0.95528	0.0020211
700.00	0.17002	0.0058860	0.95978	0.0019209
705.00	0.17085	0.0058582	0.96446	0.0021608
710.00	0.17149	0.0057297	0.96808	0.0025649
715.00	0.17213	0.0057658	0.97173	0.0021227
720.00	0.17262	0.0059291	0.97443	0.0031843
725.00	0.17343	0.0059224	0.97903	0.0025735
730.00	0.17424	0.0060902	0.98357	0.0014949
735.00	0.17486	0.0059035	0.98709	0.0020764
740.00	0.17568	0.0059933	0.99174	0.0015996
745.00	0.17649	0.0061535	0.99626	0.0012061
750.00	0.17715	0.0063137	0.99999	2.4905e-05
755.00	0.17794	0.0061210	1.0045	0.0019889
760.00	0.17846	0.0059853	1.0074	0.0021118
765.00	0.17886	0.0061720	1.0097	0.0022967
770.00	0.17929	0.0062265	1.0121	0.0026818
775.00	0.17974	0.0063686	1.0146	0.0011657
780.00	0.18032	0.0061811	1.0179	0.0025595
785.00	0.18089	0.0061694	1.0211	0.0021964
790.00	0.18134	0.0061236	1.0237	0.0022856
795.00	0.18204	0.0063767	1.0276	0.0016264
800.00	0.18270	0.0062567	1.0313	0.0014804
805.00	0.18307	0.0064341	1.0334	0.0015489
810.00	0.18357	0.0065194	1.0362	0.0014569
815.00	0.18424	0.0064456	1.0400	0.0014806
820.00	0.18457	0.0065841	1.0419	0.0013918
825.00	0.18506	0.0064494	1.0447	0.0014756
830.00	0.18566	0.0064378	1.0481	0.0013917
835.00	0.18587	0.0064544	1.0493	0.0010277
840.00	0.18627	0.0065020	1.0515	0.0011147
845.00	0.18648	0.0067323	1.0527	0.0014780
850.00	0.18675	0.0069222	1.0542	0.0034356
855.00	0.18704	0.0066843	1.0558	0.0053369
860.00	0.18714	0.0067708	1.0564	0.0036993
865.00	0.18746	0.0066145	1.0582	0.0058214
870.00	0.18767	0.0069670	1.0594	0.0076067
875.00	0.18823	0.0071189	1.0625	0.0045831
880.00	0.18831	0.0068421	1.0630	0.0048787
885.00	0.18882	0.0068830	1.0659	0.0054468
890.00	0.18894	0.0071959	1.0665	0.0064965
895.00	0.18888	0.0069873	1.0662	0.0057932
900.00	0.18938	0.0070728	1.0690	0.0048798
905.00	0.18973	0.0067810	1.0710	0.0047762
910.00	0.18996	0.0068900	1.0723	0.0042273
915.00	0.19052	0.0067231	1.0755	0.0041933
920.00	0.19110	0.0067423	1.0787	0.0030966
925.00	0.19151	0.0067675	1.0811	0.0022617
930.00	0.19188	0.0068235	1.0831	0.0010753
935.00	0.19226	0.0068082	1.0853	0.0022738
940.00	0.19280	0.0070131	1.0883	0.0026913
945.00	0.19330	0.0066300	1.0912	0.0022171
950.00	0.19390	0.0066267	1.0946	0.0024437
955.00	0.19438	0.0065734	1.0973	0.0030829
960.00	0.19500	0.0065284	1.1008	0.0037857
965.00	0.19561	0.0067326	1.1042	0.0017011
970.00	0.19620	0.0065994	1.1076	0.0026168
975.00	0.19685	0.0066245	1.1113	0.0023318
980.00	0.19748	0.0066963	1.1148	0.0023995
985.00	0.19814	0.0067355	1.1185	0.0030889
990.00	0.19883	0.0066946	1.1224	0.0031918
995.00	0.19955	0.0066880	1.1265	0.0023240
1000.0	0.20017	0.0069398	1.1300	0.0024427
1005.0	0.20097	0.0069213	1.1345	0.0023343
1010.0	0.20186	0.0070366	1.1395	0.0022985
1015.0	0.20264	0.0068504	1.1439	0.0023660
1020.0	0.20322	0.0070739	1.1471	0.0022041
1025.0	0.20406	0.0068986	1.1520	0.0028763
1030.0	0.20475	0.0068919	1.1559	0.0036075
1035.0	0.20547	0.0069964	1.1599	0.0020600
1040.0	0.20624	0.0070331	1.1642	0.0029327
1045.0	0.20705	0.0070946	1.1688	0.0022837
1050.0	0.20796	0.0070630	1.1739	0.0027255
1055.0	0.20857	0.0070859	1.1774	0.0022814
1060.0	0.20937	0.0072920	1.1819	0.0016014
1065.0	0.21000	0.0072572	1.1854	0.0015309
1070.0	0.21053	0.0073145	1.1884	0.0013980
1075.0	0.21152	0.0074056	1.1940	0.0019752
1080.0	0.21216	0.0074797	1.1976	0.0021327
1085.0	0.21288	0.0075150	1.2017	0.0025709
1090.0	0.21364	0.0076928	1.2060	0.0011426
1095.0	0.21440	0.0076677	1.2102	0.0012727
1100.0	0.21526	0.0074857	1.2152	0.0033070
1105.0	0.21582	0.0076352	1.2183	0.0025290
1110.0	0.21668	0.0076315	1.2231	0.0021152
1115.0	0.21758	0.0077367	1.2282	0.0022040
1120.0	0.21815	0.0080331	1.2314	0.0024382
1125.0	0.21887	0.0078246	1.2355	0.0023459
1130.0	0.21965	0.0080350	1.2399	0.0033428
1135.0	0.22032	0.0078807	1.2437	0.0027818
1140.0	0.22102	0.0079683	1.2476	0.0023583
1145.0	0.22161	0.0080209	1.2510	0.0024669
1150.0	0.22238	0.0080624	1.2553	0.0026376
1155.0	0.22305	0.0080719	1.2591	0.0020710
1160.0	0.22367	0.0080266	1.2626	0.0017285
1165.0	0.22431	0.0080338	1.2662	0.0029905
1170.0	0.22501	0.0081459	1.2701	0.0029532
1175.0	0.22568	0.0080894	1.2739	0.0020719
1180.0	0.22635	0.0082492	1.2777	0.0016671
1185.0	0.22693	0.0082549	1.2810	0.0025728
1190.0	0.22753	0.0082733	1.2844	0.0024912
1195.0	0.22825	0.0082070	1.2884	0.0020418
1200.0	0.22878	0.0083911	1.2914	0.0029650
1205.0	0.22950	0.0083877	1.2955	0.0031345
1210.0	0.23019	0.0083210	1.2993	0.0044673
1215.0	0.23094	0.0084090	1.3036	0.0045807
1220.0	0.23136	0.0083785	1.3060	0.0038924
1225.0	0.23204	0.0083736	1.3098	0.0033339
1230.0	0.23257	0.0087003	1.3127	0.0034848
1235.0	0.23319	0.0085068	1.3163	0.0023664
1240.0	0.23370	0.0086786	1.3191	0.0036898
1245.0	0.23462	0.0085056	1.3244	0.0016342
1250.0	0.23534	0.0084584	1.3285	0.0019995
1255.0	0.23596	0.0086328	1.3319	0.0017781
1260.0	0.23641	0.0087520	1.3345	0.0022434
1265.0	0.23710	0.0086451	1.3384	0.0025110
1270.0	0.23784	0.0085821	1.3426	0.0018614
1275.0	0.23819	0.0086602	1.3445	0.0020893
1280.0	0.23885	0.0084054	1.3483	0.0027021
1285.0	0.23943	0.0086325	1.3515	0.0017245
1290.0	0.23995	0.0086277	1.3545	0.0017187
1295.0	0.24059	0.0085238	1.3581	0.0022608
1300.0	0.24125	0.0085672	1.3618	0.0019156
1305.0	0.24194	0.0086202	1.3657	0.0011634
1310.0	0.24280	0.0084857	1.3706	0.0024712
1315.0	0.24351	0.0085070	1.3746	0.0029926
1320.0	0.24396	0.0086257	1.3771	0.0022850
1325.0	0.24450	0.0084561	1.3802	0.0022465
1330.0	0.24516	0.0086180	1.3839	0.0037073
1335.0	0.24599	0.0086286	1.3886	0.0028480
1340.0	0.24655	0.0087589	1.3918	0.0014035
1345.0	0.24718	0.0086332	1.3953	0.0014561
1350.0	0.24794	0.0084971	1.3997	0.0023922
1355.0	0.24851	0.0087315	1.4028	0.0025184
1360.0	0.24919	0.0091914	1.4066	0.0040873
1365.0	0.25011	0.0094841	1.4118	0.0059176
1370.0	0.25055	0.0090685	1.4143	0.0037591
1375.0	0.25092	0.0090558	1.4164	0.0030096
1380.0	0.25184	0.0088005	1.4216	0.0029712
1385.0	0.25269	0.0096807	1.4263	0.0092070
1390.0	0.25313	0.0091349	1.4289	0.0050890
1395.0	0.25345	0.0090014	1.4307	0.0053781
1400.0	0.25388	0.0093221	1.4331	0.0045758
1405.0	0.25452	0.0092977	1.4367	0.0051140
1410.0	0.25528	0.0090410	1.4410	0.0043023
1415.0	0.25587	0.0087011	1.4444	0.0049523
1420.0	0.25660	0.0087260	1.4485	0.0034927
1425.0	0.25704	0.0087905	1.4510	0.0054745
1430.0	0.25777	0.0088669	1.4551	0.0057635
1435.0	0.25833	0.0085894	1.4584	0.0058801
1440.0	0.25903	0.0087245	1.4623	0.0057238
1445.0	0.25955	0.0087706	1.4652	0.0053161
1450.0	0.25998	0.0087816	1.4676	0.0060843
1455.0	0.26087	0.0086796	1.4727	0.0051876
1460.0	0.26121	0.0086528	1.4746	0.0067173
1465.0	0.26194	0.0086800	1.4787	0.0056175
1470.0	0.26254	0.0085782	1.4821	0.0065763
1475.0	0.26302	0.0085711	1.4848	0.0064246
1480.0	0.26352	0.0088218	1.4876	0.0051224
1485.0	0.26417	0.0086503	1.4913	0.0058125
1490.0	0.26469	0.0086669	1.4943	0.0062561
1495.0	0.26523	0.0087076	1.4973	0.0055646
1500.0	0.26563	0.0088434	1.4995	0.0054330
1505.0	0.26635	0.0086432	1.5036	0.0069548
1510.0	0.26661	0.0086061	1.5051	0.0067545
1515.0	0.26720	0.0086728	1.5084	0.0057211
1520.0	0.26780	0.0088908	1.5118	0.0056381
1525.0	0.26831	0.0086001	1.5147	0.0076064
1530.0	0.26879	0.0087475	1.5174	0.0057984
1535.0	0.26907	0.0085804	1.5190	0.0065333
1540.0	0.26978	0.0085782	1.5230	0.0067716
1545.0	0.27028	0.0084364	1.5258	0.0075905
1550.0	0.27088	0.0088602	1.5292	0.0059291
1555.0	0.27101	0.0089337	1.5299	0.0056656
1560.0	0.27178	0.0087599	1.5343	0.0068352
1565.0	0.27225	0.0086365	1.5370	0.0077350
1570.0	0.27269	0.0088787	1.5394	0.0059846
1575.0	0.27310	0.0087640	1.5418	0.0068670
1580.0	0.27344	0.0088074	1.5437	0.0069869
1585.0	0.27392	0.0088089	1.5464	0.0062971
1590.0	0.27450	0.0088067	1.5497	0.0067380
1595.0	0.27489	0.0088205	1.5519	0.0063614
1600.0	0.27524	0.0087532	1.5539	0.0073863
1605.0	0.27542	0.0087413	1.5548	0.0073625
1610.0	0.27593	0.0089408	1.5577	0.0065655
1615.0	0.27658	0.0088753	1.5614	0.0076376
1620.0	0.27689	0.0088719	1.5632	0.0061798
1625.0	0.27727	0.0089881	1.5653	0.0065810
1630.0	0.27720	0.0090825	1.5649	0.0062959
1635.0	0.27745	0.0091367	1.5663	0.0055134
1640.0	0.27797	0.0090735	1.5693	0.0059286
1645.0	0.27827	0.0089340	1.5710	0.0070574
1650.0	0.27858	0.0088185	1.5727	0.0083935
1655.0	0.27900	0.0090283	1.5751	0.0080358
1660.0	0.27969	0.0084495	1.5790	0.010142
1665.0	0.28026	0.0085364	1.5823	0.010894
1670.0	0.28031	0.0087159	1.5825	0.0088878
1675.0	0.28082	0.0084086	1.5854	0.010801
1680.0	0.28125	0.0084947	1.5879	0.010116
1685.0	0.28159	0.0087491	1.5897	0.0094457
1690.0	0.28181	0.0085275	1.5910	0.010823
1695.0	0.28215	0.0085820	1.5929	0.0099575
1700.0	0.28255	0.0081524	1.5953	0.012494
1705.0	0.28294	0.0084543	1.5974	0.010659
1710.0	0.28327	0.0085040	1.5992	0.010546
1715.0	0.28361	0.0087038	1.6012	0.0099777
1720.0	0.28419	0.0088010	1.6044	0.0096822
1725.0	0.28431	0.0088667	1.6051	0.0092915
1730.0	0.28457	0.0089477	1.6065	0.0088221
1735.0	0.28480	0.0090221	1.6078	0.0083085
1740.0	0.28513	0.0090567	1.6097	0.0078610
1745.0	0.28559	0.0089682	1.6123	0.0089979
1750.0	0.28583	0.0089480	1.6137	0.0083095
1755.0	0.28610	0.0092929	1.6151	0.0072183
1760.0	0.28645	0.0093790	1.6171	0.0070782
1765.0	0.28674	0.0093557	1.6188	0.0069190
1770.0	0.28683	0.0094932	1.6192	0.0069859
1775.0	0.28731	0.0094110	1.6220	0.0066988
1780.0	0.28763	0.0094927	1.6237	0.0066053
1785.0	0.28797	0.0095442	1.6257	0.0065094
1790.0	0.28818	0.0096053	1.6269	0.0054439
1795.0	0.28870	0.0095896	1.6298	0.0073158
1800.0	0.28893	0.0099268	1.6310	0.0062833
1805.0	0.28944	0.010020	1.6339	0.0067029
1810.0	0.28967	0.0099120	1.6352	0.0060216
1815.0	0.28997	0.010050	1.6369	0.0055222
1820.0	0.29041	0.0099240	1.6394	0.0052616
1825.0	0.29103	0.0098011	1.6429	0.0079946
1830.0	0.29102	0.010135	1.6428	0.0060631
1835.0	0.29150	0.010214	1.6455	0.0051103
1840.0	0.29204	0.010267	1.6485	0.0081213
1845.0	0.29238	0.010105	1.6505	0.0099696
1850.0	0.29252	0.010078	1.6513	0.0087083
1855.0	0.29289	0.010211	1.6534	0.0089701
1860.0	0.29313	0.0099536	1.6548	0.0077804
1865.0	0.29360	0.010137	1.6574	0.0071275
1870.0	0.29385	0.010354	1.6588	0.0077013
1875.0	0.29428	0.010113	1.6612	0.0066072
1880.0	0.29450	0.0097798	1.6625	0.0071923
1885.0	0.29452	0.0097870	1.6626	0.0072670
1890.0	0.29467	0.010030	1.6635	0.0059284
1895.0	0.29545	0.0099059	1.6679	0.0087360
1900.0	0.29536	0.010472	1.6673	0.0036090
1905.0	0.29607	0.0097547	1.6714	0.0084095
1910.0	0.29658	0.0098005	1.6743	0.011046
1915.0	0.29669	0.010058	1.6748	0.0083080
1920.0	0.29698	0.010236	1.6764	0.0070726
1925.0	0.29753	0.0099098	1.6796	0.0090910
1930.0	0.29751	0.010089	1.6795	0.0070795
1935.0	0.29790	0.0097456	1.6817	0.0084383
1940.0	0.29821	0.0097427	1.6835	0.0073051
1945.0	0.29844	0.0098193	1.6848	0.0078183
1950.0	0.29860	0.0099454	1.6857	0.0066898
1955.0	0.29890	0.010095	1.6873	0.0062182
1960.0	0.29925	0.0099288	1.6894	0.0068304
1965.0	0.29981	0.0099818	1.6925	0.0065736
1970.0	0.29997	0.010068	1.6934	0.0063687
1975.0	0.30023	0.010081	1.6949	0.0057429
1980.0	0.30069	0.010123	1.6974	0.0046432
1985.0	0.30112	0.010094	1.6999	0.0050707
1990.0	0.30140	0.010169	1.7014	0.0047993
1995.0	0.30187	0.010007	1.7041	0.0055547
2000.0	0.30248	0.0099737	1.7076	0.0059371
2005.0	0.30257	0.010029	1.7081	0.0052381
2010.0	0.30317	0.0098708	1.7115	0.0063865
2015.0	0.30352	0.010051	1.7134	0.0060466
2020.0	0.30407	0.010070	1.7166	0.0058869
2025.0	0.30444	0.0099580	1.7186	0.0053145
2030.0	0.30503	0.0098911	1.7220	0.0068012
2035.0	0.30533	0.0098559	1.7237	0.0062235
2040.0	0.30578	0.0096737	1.7263	0.0071977
2045.0	0.30596	0.010033	1.7272	0.0055500
2050.0	0.30644	0.0099957	1.7300	0.0053779
2055.0	0.30691	0.0099251	1.7326	0.0060141
2060.0	0.30737	0.0097973	1.7353	0.0066251
2065.0	0.30744	0.0098184	1.7356	0.0069011
2070.0	0.30806	0.0098659	1.7391	0.0061246
2075.0	0.30868	0.0096653	1.7426	0.0073705
2080.0	0.30887	0.0098320	1.7437	0.0071726
2085.0	0.30949	0.0098160	1.7472	0.0072854
2090.0	0.30987	0.0098326	1.7494	0.0071868
2095.0	0.31043	0.0097422	1.7525	0.0072621
2100.0	0.31070	0.0095374	1.7541	0.0089078
2105.0	0.31110	0.0094247	1.7564	0.0092699
2110.0	0.31159	0.0096820	1.7591	0.0080374
2115.0	0.31197	0.0097264	1.7613	0.0085286
2120.0	0.31253	0.0096181	1.7644	0.0089875
2125.0	0.31308	0.0096684	1.7675	0.0084480
2130.0	0.31343	0.0096589	1.7695	0.0085711
2135.0	0.31404	0.0095607	1.7729	0.0091181
2140.0	0.31431	0.0097945	1.7744	0.0086753
2145.0	0.31471	0.0097499	1.7767	0.0086901
2150.0	0.31494	0.0097017	1.7780	0.0086674
2155.0	0.31533	0.0095130	1.7802	0.0097147
2160.0	0.31565	0.0095015	1.7821	0.0099533
2165.0	0.31586	0.0098404	1.7832	0.0079245
2170.0	0.31608	0.0098268	1.7845	0.0082256
2175.0	0.31674	0.0098995	1.7881	0.0080301
2180.0	0.31707	0.0099121	1.7900	0.0085251
2185.0	0.31743	0.0099551	1.7920	0.0090992
2190.0	0.31783	0.010105	1.7943	0.0085746
2195.0	0.31835	0.0099149	1.7973	0.0091854
2200.0	0.31887	0.010088	1.8002	0.0085733
2205.0	0.31964	0.010129	1.8045	0.0089553
2210.0	0.32012	0.010180	1.8072	0.0089567
2215.0	0.32054	0.0099997	1.8096	0.010058
2220.0	0.32109	0.010131	1.8127	0.010528
2225.0	0.32156	0.010171	1.8154	0.0089289
2230.0	0.32191	0.010185	1.8174	0.010142
2235.0	0.32233	0.010215	1.8197	0.0099125
2240.0	0.32283	0.010085	1.8225	0.010247
2245.0	0.32329	0.010123	1.8251	0.010171
2250.0	0.32371	0.010149	1.8275	0.011159
2255.0	0.32458	0.0097050	1.8325	0.012489
2260.0	0.32510	0.010080	1.8354	0.010991
2265.0	0.32565	0.010237	1.8385	0.0088126
2270.0	0.32623	0.010174	1.8417	0.0093235
2275.0	0.32703	0.010251	1.8463	0.0095016
2280.0	0.32750	0.010126	1.8489	0.0095723
2285.0	0.32777	0.010322	1.8504	0.0080447
2290.0	0.32832	0.010332	1.8535	0.0087296
2295.0	0.32874	0.010535	1.8559	0.0084254
2300.0	0.32921	0.010404	1.8585	0.0075962
2305.0	0.32981	0.010273	1.8619	0.0082451
2310.0	0.33020	0.010431	1.8641	0.0075053
2315.0	0.33049	0.010254	1.8658	0.0085914
2320.0	0.33074	0.010219	1.8672	0.0090913
2325.0	0.33117	0.010187	1.8696	0.0097166
2330.0	0.33167	0.010132	1.8725	0.0092224
2335.0	0.33219	0.010367	1.8754	0.0080753
2340.0	0.33253	0.010280	1.8773	0.0087493
2345.0	0.33275	0.010306	1.8785	0.0085663
2350.0	0.33290	0.010586	1.8794	0.0070492
2355.0	0.33323	0.010302	1.8813	0.0086011
2360.0	0.33355	0.010376	1.8831	0.0083336
2365.0	0.33389	0.010267	1.8850	0.0089839
2370.0	0.33438	0.0099855	1.8878	0.010765
2375.0	0.33457	0.0099496	1.8889	0.010877
2380.0	0.33520	0.0099838	1.8924	0.010723
2385.0	0.33545	0.0099287	1.8939	0.011086
2390.0	0.33609	0.0096607	1.8975	0.013001
2395.0	0.33664	0.0096603	1.9006	0.012969
2400.0	0.33722	0.0095246	1.9039	0.013759
2405.0	0.33755	0.0098338	1.9057	0.012332
2410.0	0.33818	0.0095449	1.9093	0.013798
2415.0	0.33833	0.0095135	1.9102	0.014009
2420.0	0.33876	0.0093426	1.9126	0.014986
2425.0	0.33939	0.0087699	1.9163	0.018249
2430.0	0.33941	0.0089855	1.9164	0.017105
2435.0	0.33980	0.0091331	1.9185	0.016348
2440.0	0.34040	0.0090394	1.9219	0.017144
2445.0	0.34047	0.0095535	1.9223	0.014342
2450.0	0.34105	0.0092214	1.9256	0.016289
2455.0	0.34136	0.0094057	1.9273	0.015350
2460.0	0.34155	0.0089541	1.9285	0.017736
2465.0	0.34182	0.0091186	1.9300	0.016890
2470.0	0.34255	0.0093653	1.9340	0.015627
2475.0	0.34360	0.0091272	1.9400	0.017306
2480.0	0.34374	0.0091056	1.9408	0.017334
2485.0	0.34396	0.0090702	1.9421	0.017452
2490.0	0.34431	0.0091294	1.9440	0.017212
2495.0	0.34458	0.0094950	1.9455	0.015270
2500.0	0.34513	0.0095385	1.9486	0.015387
2505.0	0.34534	0.0096724	1.9498	0.014602
2510.0	0.34598	0.0096948	1.9534	0.014627
2515.0	0.34594	0.0098519	1.9531	0.014012
2520.0	0.34702	0.0090795	1.9593	0.018086
2525.0	0.34751	0.0093570	1.9621	0.016690
2530.0	0.34781	0.0099826	1.9637	0.013567
2535.0	0.34843	0.0091656	1.9673	0.018331
2540.0	0.34919	0.0089688	1.9716	0.019289
2545.0	0.34971	0.0088200	1.9746	0.021350
2550.0	0.35048	0.0082327	1.9790	0.024936
